Precision At Rank 5 
1     0.2
2     0.0
3     0.0
4     0.4
5     0.0
6     0.0
7     0.4
8     0.0
9     0.2
10     0.2
11     0.2
12     0.2
13     0.0
14     0.0
15     0.0
16     0.0
17     0.0
18     0.0
19     0.0
20     0.0
21     0.0
22     0.0
23     0.2
24     0.0
25     0.0
26     0.4
27     0.0
28     0.4
29     0.0
30     0.0
31     0.0
32     0.0
33     0.0
36     0.0
37     0.0
38     0.0
39     0.0
40     0.0
42     0.0
43     0.0
44     0.2
45     0.0
48     0.0
49     0.0
57     0.0
58     0.0
59     0.0
60     0.0
61     0.0
62     0.2
63     0.2
64     0.0
Precision At Rank 20 
1     0.15
2     0.1
3     0.0
4     0.2
5     0.05
6     0.05
7     0.15
8     0.0
9     0.05
10     0.1
11     0.05
12     0.15
13     0.0
14     0.0
15     0.05
16     0.05
17     0.05
18     0.0
19     0.0
20     0.0
21     0.0
22     0.0
23     0.05
24     0.0
25     0.0
26     0.35
27     0.05
28     0.15
29     0.0
30     0.0
31     0.0
32     0.0
33     0.0
36     0.0
37     0.0
38     0.05
39     0.05
40     0.1
42     0.05
43     0.05
44     0.05
45     0.0
48     0.05
49     0.0
57     0.05
58     0.0
59     0.05
60     0.05
61     0.05
62     0.1
63     0.1
64     0.05
