Precision At Rank 5 
1     0.0
2     0.2
3     0.0
4     0.0
5     0.2
6     0.4
7     0.4
8     0.2
9     0.4
10     0.2
11     0.8
12     0.4
13     0.4
14     0.2
15     0.0
16     0.2
17     0.0
18     0.0
19     0.8
20     0.2
21     0.2
22     0.0
23     0.4
24     0.2
25     0.8
26     0.0
27     0.8
28     0.4
29     0.6
30     0.0
31     0.2
32     0.2
33     0.0
36     0.6
37     0.2
38     0.4
39     0.2
40     0.2
42     0.4
43     0.0
44     0.2
45     0.2
48     0.2
49     0.0
57     0.2
58     0.4
59     0.6
60     0.2
61     0.8
62     0.0
63     0.6
64     0.2
Precision At Rank 20 
1     0.05
2     0.1
3     0.05
4     0.05
5     0.1
6     0.1
7     0.3
8     0.05
9     0.15
10     0.5
11     0.35
12     0.1
13     0.2
14     0.05
15     0.15
16     0.1
17     0.15
18     0.1
19     0.3
20     0.1
21     0.05
22     0.0
23     0.15
24     0.05
25     0.4
26     0.05
27     0.5
28     0.2
29     0.4
30     0.05
31     0.05
32     0.1
33     0.05
36     0.3
37     0.1
38     0.2
39     0.2
40     0.15
42     0.25
43     0.0
44     0.1
45     0.25
48     0.15
49     0.0
57     0.05
58     0.25
59     0.3
60     0.1
61     0.55
62     0.05
63     0.25
64     0.05
