Precision At Rank 5 
1     0.0
2     0.0
3     0.0
4     0.0
5     0.2
6     0.0
7     0.2
8     0.2
9     0.2
10     0.2
11     0.6
12     0.2
13     0.2
14     0.2
15     0.0
16     0.2
17     0.0
18     0.0
19     0.4
20     0.2
21     0.0
22     0.2
23     0.4
24     0.2
25     0.2
26     0.0
27     0.8
28     0.6
29     0.0
30     0.0
31     0.2
32     0.0
33     0.0
36     0.6
37     0.0
38     0.0
39     0.2
40     0.0
42     0.4
43     0.0
44     0.4
45     0.2
48     0.0
49     0.0
57     0.2
58     0.0
59     0.0
60     0.2
61     0.6
62     0.2
63     0.4
64     0.2
Precision At Rank 20 
1     0.05
2     0.05
3     0.0
4     0.0
5     0.05
6     0.1
7     0.1
8     0.1
9     0.15
10     0.45
11     0.35
12     0.1
13     0.1
14     0.05
15     0.0
16     0.1
17     0.05
18     0.05
19     0.2
20     0.1
21     0.1
22     0.05
23     0.15
24     0.05
25     0.2
26     0.05
27     0.4
28     0.2
29     0.0
30     0.0
31     0.05
32     0.05
33     0.0
36     0.2
37     0.05
38     0.0
39     0.1
40     0.1
42     0.25
43     0.0
44     0.1
45     0.2
48     0.0
49     0.05
57     0.05
58     0.05
59     0.25
60     0.15
61     0.35
62     0.1
63     0.25
64     0.05
