Precision At Rank 5 
1     0.0
2     0.6
3     0.0
4     0.4
5     0.2
6     0.4
7     0.4
8     0.2
9     0.4
10     0.4
11     0.4
12     0.2
13     0.2
14     0.2
15     0.0
16     0.2
17     0.0
18     0.0
19     0.4
20     0.4
21     0.0
22     0.2
23     0.4
24     0.2
25     0.2
26     0.0
27     0.6
28     0.8
29     0.0
30     0.0
31     0.2
32     0.2
33     0.2
36     0.6
37     0.4
38     0.8
39     0.2
40     0.2
42     0.2
43     0.0
44     0.2
45     0.0
48     0.2
49     0.2
57     0.2
58     0.6
59     0.4
60     0.4
61     0.6
62     0.2
63     0.6
64     0.2
Precision At Rank 20 
1     0.1
2     0.15
3     0.0
4     0.1
5     0.1
6     0.15
7     0.35
8     0.1
9     0.15
10     0.4
11     0.35
12     0.1
13     0.1
14     0.15
15     0.15
16     0.1
17     0.15
18     0.1
19     0.2
20     0.1
21     0.1
22     0.05
23     0.15
24     0.05
25     0.25
26     0.1
27     0.4
28     0.2
29     0.05
30     0.0
31     0.1
32     0.05
33     0.05
36     0.15
37     0.2
38     0.45
39     0.2
40     0.15
42     0.3
43     0.15
44     0.1
45     0.15
48     0.05
49     0.05
57     0.05
58     0.25
59     0.4
60     0.25
61     0.45
62     0.15
63     0.3
64     0.05
