Precision At Rank 5 
1     0.0
2     0.0
3     0.0
4     0.0
5     0.0
6     0.0
7     0.0
8     0.2
9     0.0
10     0.2
11     0.0
12     0.0
13     0.0
14     0.0
15     0.0
16     0.0
17     0.0
18     0.0
19     0.0
20     0.0
21     0.0
22     0.0
23     0.0
24     0.0
25     0.0
26     0.0
27     0.0
28     0.0
29     0.0
30     0.0
31     0.0
32     0.0
33     0.0
36     0.2
37     0.0
38     0.0
39     0.0
40     0.0
42     0.2
43     0.0
44     0.2
45     0.0
48     0.0
49     0.0
57     0.2
58     0.0
59     0.0
60     0.2
61     0.0
62     0.2
63     0.2
64     0.0
Precision At Rank 20 
1     0.0
2     0.0
3     0.0
4     0.0
5     0.05
6     0.1
7     0.05
8     0.05
9     0.05
10     0.15
11     0.0
12     0.0
13     0.05
14     0.0
15     0.0
16     0.05
17     0.0
18     0.05
19     0.0
20     0.0
21     0.1
22     0.05
23     0.0
24     0.0
25     0.05
26     0.0
27     0.15
28     0.15
29     0.0
30     0.0
31     0.05
32     0.05
33     0.0
36     0.1
37     0.05
38     0.0
39     0.1
40     0.05
42     0.15
43     0.0
44     0.05
45     0.05
48     0.0
49     0.0
57     0.05
58     0.0
59     0.1
60     0.15
61     0.2
62     0.05
63     0.05
64     0.0
